git add .
git commit -m "pwr profile update"
git push origin main

pip install fastapi uvicorn[standard]
cd tasc
uvicorn server:app --reload --host 127.0.0.1 --port 8000

+++
add curve track


atc_change, distance
275,5300
274,5276
273,5253
272,5230
271,5207
270,5183
269,5159
268,5136
267,5112
266,5088
265,5064
264,5040
263,5016
262,4991
261,4967
260,4943
259,4918
258,4894
257,4869
256,4844
255,4820
254,4795
253,4770
252,4745
251,4721
250,4696
249,4671
248,4646
247,4621
246,4596
245,4571
244,4546
243,4521
242,4496
241,4471
240,4447
239,4422
238,4397
237,4372
236,4347
235,4323
234,4298
233,4273
232,4249
231,4224
230,4200
229,4175
228,4151
227,4126
226,4102
225,4078
224,4054
223,4030
222,4006
221,3982
220,3959
219,3935
218,3912
217,3888
216,3865
215,3842
214,3819
213,3796
212,3774
211,3751
210,3729
209,3706
208,3684
207,3662
206,3641
205,3619
204,3597
203,3576
202,3555
201,3534
200,3513
199,3493
198,3473
197,3452
196,3432
195,3413
194,3393
193,3374
192,3355
191,3336
190,3317
189,3299
188,3281
187,3263
186,3245
185,3228
184,3211
183,3194
182,3177
181,3161
180,3145
179,3129
178,3113
177,3098
176,3083
175,3068
174,3054
173,3040
172,3026
171,3013
170,3000
169,2987
168,2974
167,2962
166,2950
165,2938
164,2927
163,2916
162,2905
161,2895
160,2884
159,2874
158,2864
157,2854
156,2845
155,2836
154,2827
153,2818
152,2809
151,2800
150,2792
149,2783
148,2775
147,2767
146,2759
145,2751
144,2744
143,2736
142,2728
141,2721
140,2713
139,2706
138,2699
137,2691
136,2684
135,2677
134,2669
133,2662
132,2655
131,2647
130,2640
129,2632
128,2625
127,2617
126,2610
125,2602
124,2594
123,2587
122,2579
121,2571
120,2562
119,2554
118,2546
117,2537
116,2528
115,2519
114,2510
113,2501
112,2491
111,2482
110,2472
109,2462
108,2451
107,2441
106,2430
105,2419
104,2407
103,2396
102,2384
101,2372
100,2359
99,2346
98,2333
97,2320
96,2306
95,2292
94,2277
93,2263
92,2247
91,2232
90,2216
89,2199
88,2182
87,2165
86,2148
85,2129
84,2111
83,2092
82,2072
81,2052
80,2032
79,2011
78,1990
77,1968
76,1945
75,1922
74,1899
73,1875
72,1850
71,1825
70,1800
69,1773
68,1746
67,1719
66,1691
65,1662
64,1633
63,1603
62,1572
61,1541
60,1509
59,1476
58,1443
57,1409
56,1374
55,1339
54,1303
53,1266
52,1229
51,1190
50,1151
49,1112
48,1071
47,1030
46,988
45,945
44,901
43,857
42,811
41,765
40,718
39,670
38,621
37,572
36,521
35,470
34,418
33,364
32,310
31,255
30,200